752 2260
752 2256
752 2256
756 2252
752 2256
752 2224
752 2256
748 2224
728 2256
744 2260
752 2256
744 2228
752 2256
748 2232
728 2256
752 2224
724 2256
752 2220
756 2252
752 2260
752 2256
752 2256
752 2252
752 2256
744 2224
752 2256
748 2232
728 2256
744 2228
724 2256
748 2220
756 2252
752 2256
756 2256
752 2256
752 2224
752 2256
752 2224
752 2256
748 2224
728 2256
744 2228
756 2256
744 2264
756 2252
744 2260
756 2256
752 2256
752 2224
752 2256
752 2220
752 2256
752 2224
728 2256
744 2260
752 2256
744 2228
752 2256
748 2232
728 2256
744 2224
724 2260
752 2220
756 2252
752 2256
756 2256
752 2256
756 2256
752 2256
744 2220
752 2256
748 2228
728 2256
744 2228
752 2256
748 2264
756 2252
752 2256
756 2252
752 2256
752 2224
752 2256
752 2220
724 2256
748 2224
724 2256
744 2232
752 2256
748 2264
756 2256
744 2260
756 2252
752 2260
752 2224
752 2256
752 2220
724 2260
752 2256
752 2260
748 2224
752 2256
744 2228
724 2260
744 2228
724 2256
748 2232
756 2256
752 2256
756 2256
752 2256
756 2252
752 2256
752 2224
752 2256
744 2224
728 2256
744 2228
724 2256
748 2232
756 2256
748 2264
752 2256
752 2256
756 2252
752 2256
752 2224
752 2256
752 2224
728 2256
744 2256
752 2256
744 2228
752 2256
748 2232
728 2256
744 2228
724 2256
752 2220
756 2252
752 2260
752 2256
752 2256
756 2252
752 2256
744 2224
752 2256
748 2232
728 2256
744 2228
756 2256
744 2264
756 2252
752 2256
756 2256
752 2256
752 2224
752 2256
752 2224
724 2256
748 2224
728 2256
744 2228
752 2256
748 2264
756 2252
744 2260
756 2256
752 2256
752 2224
752 2256
752 2220
724 2256
752 2256
752 2256
748 2224
752 2256
744 2228
724 2256
748 2228
724 2256
744 2232
752 2256
752 2256
756 2252
752 2256
756 2252
752 2256
752 2224
752 2256
744 2220
724 2260
748 2228
724 2256
748 2232
756 2256
748 2264
756 2256
752 2256
752 2220
752 2256
752 2224
752 2256
752 2220
724 2256
748 2256
752 2256
748 2228
752 2256
744 2228
724 2260
744 2228
724 2256
752 2224
756 2256
752 2256
756 2256
752 2256
756 2252
752 2260
748 2224
752 2256
744 2232
724 2260
744 2228
756 2252
744 2260
756 2256
752 2256
752 2256
752 2256
752 2220
752 2260
752 2224
724 2256
744 2224
728 2256
744 2264
752 2256
744 2228
724 2256
748 2232
728 2256
752 2224
756 2256
752 2256
756 2252
752 2260
752 2256
752 2256
748 2224
752 2256
744 2224
724 2256
748 2232
728 2256
744 2228
756 2256
748 2256
756 2252
752 2256
756 2256
752 2256
752 2224
752 2256
744 2224
724 2256
748 2264
752 2256
748 2232
752 2256
744 2228
724 2256
752 2220
728 2256
752 2224
752 2256
752 2256
756 2252
752 2256
748 2256
752 2256
748 2224
752 2256
744 2228
724 2256
748 2228
756 2252
744 2256
756 2256
752 2256
756 2256
752 2256
752 2220
752 2260
752 2224
728 2256
744 2220
724 2260
748 2228
756 2252
744 2260
756 2256
748 2264
752 2256
752 2256
752 2220
752 2260
752 2224
724 2256
752 2260
748 2256
744 2220
752 2260
744 2228
724 2256
748 2232
728 2256
744 2224
756 2252
752 2256
756 2252
752 2260
752 2256
752 2256
752 2224
752 2256
744 2224
724 2256
748 2232
728 2256
744 2228
756 2256
744 2264
756 2252
752 2256
748 2224
752 2256
752 2224
724 2256
752 2224
724 2256
748 2264
752 2256
748 2232
752 2256
744 2228
724 2256
748 2232
728 2256
752 2224
756 2256
752 2256
756 2252
752 2260
748 2224
752 2256
744 2224
752 2256
744 2228
724 2256
748 2232
756 2256
748 2264
752 2256
752 2256
756 2252
752 2256
752 2224
752 2256
752 2224
728 2256
744 2224
724 2256
748 2232
756 2256
748 2264
752 2256
748 2264
756 2252
752 2256
752 2224
752 2256
752 2224
728 2256
752 2256
752 2256
744 2224
752 2256
748 2232
728 2256
744 2228
724 2256
748 2228
756 2252
752 2260
752 2256
752 2256
756 2252
752 2256
752 2224
752 2256
748 2224
728 2256
744 2228
724 2256
748 2228
756 2252
744 2260
756 2256
752 2256
752 2224
752 2256
752 2224
752 2256
752 2224
728 2256
744 2256
752 2256
744 2228
752 2256
748 2232
728 2256
744 2228
724 2256
752 2220
756 2252
752 2256
756 2256
752 2256
756 2252
752 2256
744 2220
752 2256
748 2228
728 2256
744 2228
752 2256
748 2264
756 2252
752 2256
756 2252
752 2256
752 2224
752 2256
752 2220
724 2256
748 2224
724 2256
744 2232
752 2256
748 2264
756 2252
744 2260
756 2252
752 2260
752 2224
752 2256
752 2220
724 2260
748 2256
752 2260
748 2224
752 2256
744 2232
724 2260
744 2228
724 2256
748 2232
756 2256
752 2256
756 2256
752 2256
756 2252
752 2260
752 2224
752 2256
744 2224
724 2256
744 2228
724 2256
748 2232
756 2256
748 2264
752 2256
752 2256
752 2220
752 2260
752 2224
752 2256
752 2220
724 2260
744 2256
752 2260
748 2228
752 2256
744 2232
724 2260
744 2228
724 2256
752 2224
756 2256
752 2256
756 2256
752 2256
756 2252
752 2256
744 2224
752 2256
744 2224
728 2256
744 2228
724 2256
748 2232
756 2252
744 2256
752 2256
752 2256
752 2224
752 2256
752 2224
752 2256
744 2224
728 2256
744 2264
752 2256
744 2228
752 2256
748 2232