1228 2256
1228 2248
1228 2248
1228 2236
1232 2236
1228 2244
1228 2236
1232 2244
1232 2240
1228 2244
1228 2236
1236 2236
1228 2240
1236 2240
1228 2236
1232 2236
1228 2236
1236 2236
1228 2240
1228 2240
1228 2236
1228 2236
1228 2244
1228 2240
1228 2244
1228 2236
1228 2236
1228 2240
1236 2240
1228 2236
1236 2240
1228 2240
1236 2240
1260 2268
1228 2236
1256 2276
1228 2240
1232 2276
1260 2268
1232 2276
1232 2272
1236 2240
1232 2268
1240 2268
1232 2240
1236 2272
1228 2236
1236 2236
1228 2240
1228 2240
1228 2236
1228 2236
1228 2248
1228 2240
1228 2244
1228 2236
1228 2236
1228 2236
1236 2236
1228 2240
1236 2240
1228 2236
1232 2236
1228 2240
1228 2240
1228 2236
1228 2236
1228 2244
1228 2236
1232 2244
1232 2240
1228 2244
1228 2236
1236 2236
1228 2240
1236 2240
1260 2268
1200 2236
1256 2268
1256 2268
1232 2272
1260 2268
1228 2244
1232 2268
1228 2244
1228 2240
1228 2240
1228 2236
1236 2236
1228 2240
1236 2272
1232 2268
1236 2268
1232 2304
1228 2272
1232 2280
1232 2272
1232 2252
1260 2248
1232 2224
1232 2248
1228 2216
1232 2280
1232 2252
1228 2252
1236 2252
1232 2280
1236 2252
1228 2252
1228 2252
1232 2288
1232 2252
1228 2256
1228 2252
1232 2252
1256 2248
1228 2216
1232 2244
1240 2244
1228 2248
1232 2252
1228 2252
1236 2252
1232 2280
1232 2252
1228 2248
1228 2252
1232 2252
1232 2248
1228 2224
1232 2280
1260 2252
1232 2252
1236 2252
1228 2252
1240 2244
1228 2248
1212 2252
1228 2252
1228 2252
1228 2248
1232 2252
1228 2260
1228 2252
1228 2220
1232 2248
1228 2224
1232 2280
1236 2248
1232 2252
1236 2252
1232 2280
1232 2248
1232 2252
1232 2252
1232 2280
1228 2252
1228 2256
1228 2252
1232 2252
1260 2248
1232 2224
1232 2248
1236 2248
1232 2280
1232 2252
1228 2252
1236 2252
1232 2280
1228 2252
1228 2252
1228 2252
1232 2252
1260 2248
1232 2224
1232 2284
1260 2252
1228 2252
1232 2252
1228 2252
1240 2248
1228 2248
1232 2252
1228 2252
1228 2252
1228 2248
1228 2252
1228 2256
1232 2252
1228 2220
1232 2248
1232 2224
1232 2284
1236 2248
1232 2252
1236 2252
1232 2280
1236 2248
1232 2252
1232 2252
1232 2248
1260 2244
1228 2220
1232 2248
1228 2224
1232 2280
1256 2252
1256 2248
1208 2252
1228 2248
1236 2252
1228 2252
1208 2252
1228 2248
1228 2252
1228 2248
1232 2252
1228 2260
1228 2252
1228 2220
1232 2284
1260 2256
1260 2248
1208 2248
1228 2252
1232 2248
1228 2252
1208 2248
1228 2248
1228 2248
1232 2252
1228 2252
1228 2256
1228 2248
1232 2224
1236 2284
1260 2252
1260 2248
1208 2252
1228 2252
1236 2252
1228 2248
1208 2252
1228 2252
1232 2252
1228 2248
1228 2252
1228 2256
1232 2252
1228 2220
1232 2280
1256 2256
1228 2252
1236 2252
1228 2248
1240 2248
1232 2252
1236 2252
1228 2248
1228 2248
1232 2252
1228 2252
1228 2256
1228 2248
1232 2224
1232 2248
1228 2220
1232 2280
1236 2252
1228 2252
1236 2252
1232 2280
1236 2252
1228 2248
1228 2252
1232 2248
1260 2248
1228 2224
1232 2244
1228 2220
1228 2248
1256 2256
1256 2248
1208 2252
1228 2248
1236 2248
1232 2252
1208 2252
1228 2248
1228 2248
1232 2252
1228 2252
1228 2256
1228 2248
1232 2224
1236 2284
1260 2252
1260 2248
1240 2248
1256 2248
1236 2248
1232 2284
1236 2248
1228 2252
1228 2252
1232 2284
1228 2248
1228 2256
1228 2248
1236 2256
1260 2248
1228 2220
1232 2280
1264 2248
1228 2252
1236 2252
1228 2248
1240 2248
1232 2252
1236 2252
1228 2248
1228 2248
1232 2256
1228 2252
1228 2256
1228 2248
1232 2224
1232 2248
1236 2216
1232 2280
1236 2252
1228 2252
1236 2252
1232 2280
1236 2252
1228 2248
1228 2252
1232 2288
1232 2252
1228 2256
1228 2248
1232 2252
1256 2248
1232 2216
1232 2244
1240 2244
1228 2248
1236 2252
1228 2252
1228 2252
1228 2248
1232 2252
1228 2260
1228 2252
1228 2220
1232 2248
1228 2224
1232 2280
1268 2248
1260 2248
1212 2252
1228 2252
1236 2252
1228 2248
1204 2252
1228 2252
1228 2252
1228 2256
1232 2252
1228 2260
1228 2252
1228 2220
1232 2280
1264 2256
1228 2248
1236 2252
1228 2252
1236 2248
1228 2252
1236 2248
1228 2252
1228 2252
1228 2256
1228 2248
1228 2256
1228 2248
1232 2224
1232 2244
1236 2216
1232 2284
1236 2252
1228 2248
1236 2248
1232 2284
1236 2252
1228 2248
1228 2248
1232 2288
1232 2252
1228 2256
1228 2248
1232 2252
1256 2248
1232 2216
1232 2280
1236 2248
1232 2252
1236 2252
1232 2248
1232 2248
1228 2252
1228 2252
1228 2256
1228 2248
1228 2220
1232 2248
1228 2224
1232 2280
1264 2252
1228 2252
1236 2252
1228 2248
1240 2248
1228 2252
1204 2252
1228 2248
1228 2252
1228 2256
1232 2252
1228 2256
1228 2252
1228 2220
1232 2284
1264 2252
1228 2248
1236 2248
1228 2252
1236 2248
1228 2252
1236 2248
1232 2252
1232 2252
1232 2288
1228 2248
1232 2256
1232 2252
1232 2252
1260 2244
1228 2216
1232 2284
1236 2252
1228 2248
1236 2248
1232 2284
1236 2252
1228 2248
1228 2248
1232 2288
1228 2252
1228 2256
1228 2248
1232 2256
1256 2248
1228 2216
1232 2244
1240 2244
1228 2248
1236 2252
1228 2252
1236 2252
1228 2248