992 2220
992 2240
1028 2236
988 2248
988 2236
1024 2240
992 2248
992 2240
992 2240
992 2240
1024 2240
992 2216
988 2236
988 2244
988 2240
1024 2244
988 2248
992 2236
1024 2240
992 2248
992 2240
992 2240
992 2236
1020 2240
992 2236
1024 2240
988 2256
988 2236
1024 2244
984 2248
992 2248
1024 2240
992 2248
992 2240
992 2240
992 2236
1024 2240
992 2236
1028 2240
988 2248
988 2236
1024 2244
992 2252
992 2244
984 2240
988 2220
992 2236
992 2236
992 2240
1028 2240
992 2248
992 2240
1024 2240
992 2240
1024 2240
992 2248
992 2244
988 2240
988 2216
992 2240
992 2244
988 2240
1024 2236
988 2240
1024 2236
992 2248
992 2240
1028 2240
988 2248
992 2236
988 2240
992 2220
992 2240
992 2244
988 2240
1028 2244
992 2248
988 2240
1024 2236
992 2236
1028 2236
992 2248
988 2240
992 2240
992 2240
1028 2240
992 2256
992 2240
1028 2244
992 2276
1028 2248
992 2248
992 2240
1028 2240
988 2248
992 2236
988 2240
988 2240
1020 2236
992 2236
1024 2236
1024 2256
992 2240
1024 2244
992 2248
992 2248
1024 2240
992 2212
992 2240
988 2240
992 2236
1020 2240
992 2236
1024 2240
988 2248
988 2236
1024 2244
992 2248
992 2248
992 2240
988 2216
1024 2240
1024 2252
988 2240
1024 2236
992 2248
992 2240
1024 2240
992 2248
992 2236
988 2240
992 2244
1020 2236
992 2216
992 2240
1024 2248
988 2240
1024 2236
992 2248
992 2240
1028 2240
992 2248
992 2236
988 2240
992 2240
1020 2236
992 2244
1024 2236
992 2252
992 2240
1028 2244
992 2248
992 2240
1028 2240
992 2248
992 2236
988 2240
992 2240
1020 2236
992 2236
1024 2236
1024 2248
992 2236
1024 2244
992 2248
992 2244
1024 2240
992 2212
992 2236
992 2240
988 2240
1024 2236
988 2240
1024 2236
992 2248
992 2240
1028 2240
992 2248
992 2244
988 2240
988 2216
984 2240
992 2244
988 2240
1024 2236
988 2240
1024 2236
992 2248
992 2240
1028 2240
988 2248
992 2236
988 2240
992 2216
992 2240
992 2244
984 2240
1028 2240
992 2248
988 2240
1024 2236
992 2236
1028 2236
992 2248
988 2240
992 2240
992 2248
1028 2240
992 2256
992 2240
1028 2244
984 2276
1028 2248
992 2248
992 2240
1028 2240
988 2248
992 2236
988 2240
992 2240
1024 2236
992 2272
1024 2236
1024 2252
988 2236
1024 2244
984 2248
992 2240
1024 2240
992 2248
992 2240
992 2240
992 2240
992 2240
992 2236
1024 2240
988 2248
988 2236
1024 2244
992 2248
992 2248
984 2240
988 2212
988 2240
988 2236
988 2240
1024 2236
992 2248
992 2240
1024 2240
992 2240
1024 2240
992 2248
992 2244
988 2240
988 2216
992 2240
992 2244
988 2240
1028 2236
992 2248
992 2240
1024 2240
992 2240
1024 2240
992 2248
992 2236
988 2240
992 2216
992 2240
992 2248
992 2240
1028 2244
992 2248
992 2240
1024 2236
992 2236
1028 2236
992 2248
988 2240
992 2240
992 2240
1028 2240
992 2256
992 2240
1028 2244
984 2248
992 2244
1024 2236
992 2240
1028 2240
988 2248
992 2236
992 2240
988 2240
1024 2236
992 2248
992 2240
1028 2248
992 2276
1024 2244
984 2248
992 2244
1024 2240
992 2248
992 2240
992 2240
992 2236
1020 2240
992 2236
1024 2240
988 2248
988 2236
1024 2244
992 2248
992 2248
984 2240
988 2220
992 2236
992 2236
992 2240
1028 2240
992 2248
992 2240
1028 2236
992 2248
988 2240
992 2236
992 2220
1024 2236
1028 2256
992 2276
1024 2244
992 2248
992 2240
1024 2240
992 2248
992 2240
992 2240
992 2236
1024 2240
992 2272
1028 2240
988 2256
988 2236
1024 2244
992 2248
992 2244
1024 2240
992 2248
992 2240
992 2240
992 2240
1024 2240
988 2236
1028 2240
992 2248
992 2240
1028 2244
988 2248
992 2244
988 2236
992 2220
1028 2240
1024 2248
992 2236
1028 2240
988 2248
988 2236
1024 2240
992 2252
992 2240
992 2240
992 2248
1024 2240
992 2220
988 2240
1024 2244
992 2236
1028 2240
992 2248
988 2236
1028 2240
992 2248
988 2240
992 2240
988 2240
1024 2240
988 2244
1024 2236
992 2252
992 2240
1028 2248
992 2248
992 2240
1024 2240
992 2240
1024 2240
992 2248
992 2240
992 2240
992 2236
1024 2240
992 2284
1028 2240
992 2256
988 2236
1024 2244
988 2248
988 2236
1024 2240
992 2248
992 2240
992 2240
992 2240
1024 2240
988 2236
1028 2240
992 2248
992 2240
1028 2244
988 2248
992 2244
1024 2236
992 2240
1028 2240
988 2248
992 2236
992 2240
988 2240
1024 2236
992 2248
992 2240
1028 2240
992 2276
1024 2244
992 2248
992 2244
1024 2240
992 2212
992 2236
992 2240
988 2240
1024 2236
992 2248
992 2240
1028 2240
992 2276
1024 2240
992 2248
992 2248
992 2240
988 2216
984 2240
992 2244
988 2240
1024 2236
992 2248
992 2240
1028 2240
992 2276
1028 2240
992 2248
992 2236
988 2240
992 2216
992 2240
992 2248
984 2240
1028 2244
992 2248
992 2240
1028 2236
992 2248
988 2240
992 2236
992 2240
1024 2240
988 2240
1024 2236
992 2256
992 2240
1028 2248
984 2248
992 2240
1028 2240
992 2276
1028 2240
992 2248
992 2236
988 2240
992 2240
1024 2236
992 2248
992 2240
1028 2244
988 2272
1024 2244
984 2248
992 2244
1024 2240
992 2248
992 2240
992 2240
992 2240
1024 2240
988 2236
1028 2240
992 2248
992 2240
1028 2244
988 2248
992 2244
984 2236
992 2220
992 2240
988 2240
992 2236
1024 2240
988 2248
988 2236
1024 2240
988 2236
1024 2240
992 2248
992 2244
992 2240
988 2220
992 2236
992 2244
988 2240
1028 2236
992 2248
992 2240
1028 2240
988 2248
992 2236
992 2240
988 2240
1024 2236
992 2220
992 2240
1024 2244
992 2240
1028 2248
992 2248
992 2240
1028 2240
992 2276
1024 2240
992 2248
992 2240
992 2240
992 2236
1024 2240
988 2252
992 2236
1024 2244
992 2248
992 2248
1024 2240
988 2236
1024 2240
992 2248
992 2240
992 2240
992 2236
1024 2240
988 2248
988 2236
1024 2244
988 2272
1028 2244
992 2248
988 2244
1028 2236
992 2252
992 2240
992 2240
992 2240
1028 2240
988 2276
1028 2240
992 2248
992 2240
1028 2248
988 2248
992 2244
988 2240
992 2216
988 2240
992 2240
992 2240
1024 2240
988 2240
1024 2236
992 2248
992 2240
1028 2240
988 2248
992 2244
988 2240
992 2216
1028 2240
1024 2256
988 2240
1028 2236
992 2248
992 2240
1028 2236
992 2248
988 2240
992 2236
992 2240
1024 2240
988 2244
1024 2236
992 2252
